10,110
10,198
10,299
10,35
10,34
10,90
10,66
10,276
11,17
11,18
11,6
11,27
11,20
11,9
11,21
68,4
68,3
11,12
11,2
68,2
68,1
11,3
68,0
67,5
67,4
67,3
67,2
67,1
67,0
66,4
66,3
66,2
66,1
66,0
65,4
65,3
8,7
8,11
8,18
65,2
8,14
65,1
8,17
65,0
64,4
64,3
64,2
64,1
64,0
63,4
63,3
63,2
63,1
63,0
62,4
62,3
62,2
62,1
62,0
61,5
61,4
61,3
61,2
61,1
61,0
58,6
58,5
58,4
58,3
58,2
58,1
58,0
56,6
56,5
56,4
56,3
56,2
56,1
56,0
53,6
53,5
53,4
53,3
53,2
53,1
53,0
50,4
50,3
50,1
41,4
41,3
41,1
34,4
34,3
34,1
31,3
31,1
20,3
20,2
20,1
19,3
19,2
19,1
14,5
14,4
12,1
12,3
12,2
11,29
11,25
11,19
18,1
11,1
18,3
11,8
10,314
10,308
10,237
10,220
